[Project1] 4886 1587879670.991888733 1587879671.858644335
[Project1] 5641 1587879672.757053266 1587879673.628861312
[Project1] 5648 1587879674.473306361 1587879675.336488239
[Project1] 5653 1587879676.183834966 1587879677.049868914
[Project1] 5713 1587879677.907047597 1587879678.785199073
[Project1] 5716 1587879679.656844356 1587879680.528873010
[Project1] 5718 1587879681.399825986 1587879682.283986212
[Project1] 6666 1587879683.150132961 1587879684.059630738
[Project1] 6862 1587879684.914356399 1587879685.843330693
[Project1] 6978 1587879686.703398027 1587879687.584973379
